0 25632
1 29591
2 15663
3 12735
4 13252
5 8985
6 8973
7 7073
8 6453
9 5865
10 6028
11 5361
12 5566
13 5794
14 5637
15 5626
16 5841
17 5734
18 6262
19 6120
20 6221
21 6612
22 6314
23 6324
24 6021
25 6155
26 6077
27 6124
28 5941
29 6000
30 5909
31 5965
32 5963
33 5955
34 5942
35 6030
36 6086
37 6115
38 6324
39 6223
40 5971
41 6044
42 5928
43 6031
44 5816
45 5853
46 5713
47 5857
48 6087
49 6071
50 6004
51 5898
52 5959
53 5957
54 5910
55 5791
56 5753
57 5743
58 5809
59 5764
60 5747
61 5910
62 5947
63 5813
64 5941
65 5767
66 5524
67 5405
68 5510
69 5318
70 5650
71 5405
72 5255
73 5350
74 5368
75 5370
76 5288
77 5261
78 5246
79 5221
80 5064
81 4975
82 5059
83 5068
84 5087
85 5320
86 5434
87 5171
88 5521
89 5732
90 5406
91 5401
92 5056
93 4986
94 5164
95 5046
96 5128
97 5116
98 4963
99 4927
100 4924
101 5028
102 4934
103 5218
104 4946
105 5005
106 4987
107 5086
108 5043
109 4830
110 4933
111 4830
112 4836
113 4943
114 5076
115 5233
116 5303
117 5423
118 5203
119 5539
120 5658
121 5965
122 5935
123 5625
124 5237
125 4822
126 4524
127 4480
128 4774
129 4647
130 4543
131 4522
132 4501
133 4629
134 4541
135 4624
136 4518
137 4653
138 4701
139 4649
140 4903
141 4707
142 4550
143 4382
144 4416
145 4426
146 4442
147 4302
148 4244
149 4265
150 4243
151 4535
152 5215
153 4583
154 4489
155 4350
156 4370
157 4121
158 4267
159 4380
160 3998
161 3610
162 3458
163 3393
164 3014
165 2863
166 2866
167 2850
168 2626
169 2402
170 2498
171 2428
172 2415
173 2355
174 2426
175 2382
176 2258
177 2247
178 2232
179 2212
180 2307
181 2078
182 2087
183 2104
184 1972
185 1838
186 1707
187 1787
188 1683
189 1546
190 1586
191 1577
192 1397
193 1222
194 1145
195 1158
196 1058
197 1073
198 1015
199 944
200 1057
201 1120
202 1102
203 1052
204 954
205 944
206 946
207 885
208 917
209 906
210 937
211 966
212 943
213 854
214 854
215 808
216 703
217 717
218 681
219 667
220 695
221 582
222 588
223 588
224 516
225 466
226 456
227 453
228 403
229 379
230 394
231 377
232 334
233 409
234 422
235 430
236 459
237 455
238 403
239 452
240 356
241 347
242 421
243 448
244 307
245 218
246 290
247 222
248 234
249 329
250 361
251 478
252 619
253 742
254 466
255 82
